645.1864537225254
645.1864537225254
295.3348760743072
205.50861469213513
155.75718606036642
128.05484959699106
106.37370753633803
90.43461581243984
77.40028679889181
69.10424390046492
60.35674755815147
53.291688006857164
47.16011218748231
43.76464650250863
40.61015828450521
37.575138589610226
33.318143982818164
31.035494431205418
27.87282844211744
25.36492914393328
24.552859817726024
23.118755451147106
24.270968340445258
21.93857983575351
24.216692772464476
21.153489320174508
17.81702080325804
19.34305279496787
15.97440144635629
14.916569474814594
14.847499736841174
15.298622463060463
16.838181150132332
13.869909314141758
11.972804967907893
12.391982755799225
12.259618455085201
11.178603904834691
11.130907031073086
11.163158416748047
10.463886813841004
